altitude: 181.877
latitude: 40.48877795166667
longitude: -87.00848439166667
